# X1 X2 y
-0.020 0.527 0
0.840 -0.653 0
0.437 0.883 0
1.427 -0.558 0
0.459 -0.384 0
0.021 -0.524 0
-1.956 -1.231 0
1.541 0.248 0
-0.329 -0.837 0
2.894 -1.090 0
0.236 -0.853 0
-0.566 -0.293 0
-3.102 -1.365 0
-0.658 -0.702 0
-0.533 -0.394 0
1.701 -0.480 0
1.936 -0.490 0
1.164 0.040 0
-1.497 -1.465 0
1.424 -0.144 0
-0.197 -0.277 0
1.226 -0.931 0
0.751 -0.780 0
-1.353 -1.615 0
-0.015 -0.875 0
0.327 -0.364 0
1.682 -0.851 0
0.147 -0.251 0
1.885 -0.928 0
1.431 0.820 0
1.326 0.165 0
1.307 -0.064 0
-0.970 -0.097 0
-1.162 0.081 0
-0.757 -0.351 0
-0.739 0.950 0
-1.622 0.840 0
-0.581 -0.647 0
1.828 -0.555 0
-1.983 0.336 0
0.382 -0.479 0
-0.809 -1.378 0
-0.835 -0.749 0
0.564 -0.564 0
0.994 0.334 0
2.889 0.630 0
-0.731 0.009 0
1.390 0.359 0
1.703 0.696 0
-0.852 0.748 0
1.054 -0.423 0
0.912 -0.819 0
0.663 -0.417 0
-0.358 1.342 0
0.715 0.087 0
0.737 -0.586 0
-0.882 -0.602 0
1.310 1.423 0
0.750 -0.067 0
-1.167 0.277 0
0.706 -0.417 0
1.243 -0.329 0
-0.528 -0.235 0
-0.276 1.374 0
-0.201 0.295 0
0.491 -0.416 0
-1.052 -0.434 0
0.361 -0.365 0
0.498 -0.406 0
1.586 -0.594 0
0.432 -0.896 0
1.127 -1.219 0
-1.517 -0.911 0
1.196 0.423 0
3.812 0.500 0
0.271 -0.500 0
0.262 0.141 0
1.385 -0.385 0
0.036 0.534 0
-0.497 0.008 0
-1.352 0.251 0
1.010 -0.067 0
1.414 0.426 0
0.034 -0.436 0
2.675 0.543 0
1.058 -0.071 0
-0.854 -1.349 0
0.470 -0.536 0
0.347 -0.173 0
0.833 -0.185 0
0.771 -0.684 0
0.891 0.363 0
1.819 0.264 0
-0.915 -0.670 0
1.441 -0.151 0
-0.283 -0.708 0
3.278 -0.036 0
-1.241 -0.308 0
-0.851 -1.053 0
0.590 -0.384 0
2.440 0.326 0
0.479 0.536 0
0.669 -0.290 0
2.758 -0.449 0
-0.765 0.158 0
0.323 -0.227 0
1.559 -0.695 0
0.266 -1.061 0
-0.932 -1.497 0
-0.447 0.392 0
1.215 -0.808 0
1.271 -0.038 0
2.946 -1.825 0
2.251 0.252 0
-1.663 -0.509 0
1.578 -0.029 0
-0.896 -0.115 0
0.081 -1.727 0
0.556 -0.544 0
0.036 -0.953 0
-0.012 0.778 0
-0.009 -1.214 0
-1.978 0.079 0
2.399 0.435 0
1.286 0.078 0
1.475 -0.150 0
2.376 0.265 0
1.161 0.130 0
-1.462 -1.263 0
2.305 0.034 0
-1.225 0.398 0
0.316 -0.336 0
2.827 -0.076 0
0.166 -0.190 0
-0.386 -0.902 0
-0.447 -1.302 0
1.061 -1.048 0
1.351 -0.587 0
0.957 1.242 0
0.326 -0.177 0
-1.168 0.071 0
1.319 0.544 0
3.322 0.235 0
-1.546 -1.904 0
0.120 -1.172 0
0.879 -0.493 0
-0.936 0.626 0
0.669 -0.699 0
-0.167 -0.484 0
-0.694 -0.798 0
1.490 0.227 0
0.099 -0.139 0
-0.459 0.168 0
1.767 0.041 0
0.519 -0.549 0
2.410 -0.075 0
-0.071 -0.784 0
1.133 1.064 0
2.680 0.533 0
0.543 -0.698 0
0.029 -0.949 0
0.755 -0.431 0
1.161 1.479 0
-1.599 -0.149 0
1.024 0.612 0
-0.635 0.440 0
0.043 -0.178 0
-0.489 0.037 0
1.582 0.871 0
0.474 0.773 0
-1.487 -0.672 0
0.101 -1.462 0
0.695 -0.303 0
-0.247 -0.233 0
-0.479 -0.146 0
1.787 -0.118 0
2.807 -0.793 0
1.724 0.717 0
-0.748 -0.224 0
0.748 -0.600 0
-2.125 0.413 0
2.754 -0.018 0
1.354 0.419 0
1.820 -0.038 0
-0.289 -1.028 0
1.358 0.829 0
-2.598 -1.771 0
1.776 1.152 0
1.971 -0.669 0
0.076 -1.375 0
1.578 -0.064 0
-2.593 0.713 0
-0.442 -0.938 0
2.571 -0.804 0
0.984 -0.567 0
-1.856 -0.303 0
-2.753 -0.285 0
0.635 -0.401 0
0.930 0.246 0
1.314 0.338 0
4.332 4.576 1
1.979 2.183 1
3.232 2.442 1
2.994 0.712 1
1.572 0.133 1
1.736 1.874 1
0.724 1.380 1
0.354 1.930 1
2.708 2.557 1
2.598 0.897 1
1.112 2.612 1
2.082 1.854 1
2.319 1.594 1
3.509 1.332 1
0.965 1.448 1
1.682 1.934 1
2.761 2.234 1
0.533 1.762 1
2.829 1.190 1
1.235 2.658 1
2.971 3.801 1
1.646 3.454 1
2.237 0.006 1
1.650 2.652 1
2.760 1.827 1
2.362 -0.258 1
3.015 3.579 1
1.523 2.151 1
0.880 2.399 1
3.064 2.998 1
3.039 1.705 1
2.404 1.472 1
0.560 2.048 1
1.303 2.125 1
1.727 2.216 1
0.506 0.405 1
2.674 2.345 1
2.468 2.492 1
3.253 0.704 1
2.222 1.855 1
2.329 -0.093 1
2.083 1.759 1
1.830 1.732 1
1.289 2.242 1
0.982 1.583 1
2.290 2.620 1
0.069 1.977 1
1.216 2.855 1
2.134 -0.592 1
2.190 3.251 1
2.071 3.690 1
1.908 1.768 1
2.687 3.129 1
2.988 2.138 1
2.911 3.111 1
2.525 1.144 1
1.449 3.554 1
2.424 1.734 1
4.563 1.241 1
1.981 2.961 1
1.701 -0.075 1
2.289 1.339 1
0.091 1.120 1
1.623 1.315 1
0.687 2.243 1
2.144 2.080 1
2.559 2.837 1
2.570 1.242 1
1.370 2.605 1
2.363 1.476 1
2.386 0.303 1
2.496 1.059 1
2.270 3.002 1
2.884 3.495 1
0.219 3.019 1
2.391 1.799 1
2.938 1.146 1
1.721 1.245 1
1.273 3.673 1
2.010 2.145 1
2.103 1.285 1
2.701 3.811 1
3.061 2.129 1
3.047 2.345 1
2.494 2.199 1
3.532 1.899 1
1.274 2.913 1
2.117 1.593 1
2.093 2.518 1
1.571 2.194 1
-0.103 -0.806 1
1.951 1.827 1
2.212 3.057 1
0.412 1.297 1
3.137 1.752 1
0.203 1.837 1
0.715 2.200 1
0.849 2.466 1
2.779 3.220 1
2.291 1.949 1
3.173 2.425 1
1.245 0.758 1
-0.003 2.481 1
1.745 1.347 1
3.878 1.731 1
0.990 1.680 1
2.504 2.373 1
3.543 2.650 1
2.566 3.214 1
2.117 3.050 1
2.394 2.690 1
2.760 2.586 1
4.027 1.635 1
2.953 1.473 1
1.244 1.204 1
2.942 2.917 1
3.776 3.060 1
1.970 3.202 1
2.025 1.167 1
1.395 3.426 1
3.576 2.103 1
1.533 2.692 1
3.296 -0.937 1
1.422 3.309 1
0.595 1.826 1
1.159 2.492 1
0.395 2.744 1
2.612 1.952 1
1.753 3.451 1
1.239 2.639 1
2.001 2.201 1
1.852 2.805 1
2.208 2.641 1
3.212 2.042 1
2.202 2.496 1
2.443 1.240 1
1.614 1.824 1
2.512 3.161 1
0.089 -0.118 1
0.950 1.716 1
2.417 1.667 1
1.474 2.335 1
0.973 2.742 1
1.764 3.817 1
2.003 0.918 1
3.645 2.554 1
3.340 1.698 1
3.404 2.073 1
2.320 0.975 1
0.132 1.748 1
3.682 3.003 1
3.223 2.301 1
1.270 -0.530 1
2.746 1.477 1
3.195 1.889 1
0.307 2.735 1
3.294 1.557 1
1.848 0.494 1
2.101 1.893 1
2.245 1.517 1
2.111 3.448 1
2.143 2.838 1
1.458 2.040 1
1.708 2.523 1
2.709 0.649 1
1.350 2.031 1
0.164 3.927 1
0.448 1.845 1
2.161 4.672 1
-1.024 1.291 1
0.240 2.634 1
2.179 1.698 1
2.094 2.371 1
2.921 0.126 1
3.463 1.941 1
2.644 3.379 1
2.753 0.957 1
0.065 3.183 1
2.758 1.301 1
3.159 2.145 1
1.614 2.518 1
2.532 1.615 1
0.446 3.100 1
3.844 2.853 1
2.232 2.990 1
1.732 1.245 1
0.984 0.231 1
2.093 0.537 1
1.475 0.331 1
2.399 2.029 1
1.010 1.273 1
2.107 1.953 1
2.493 2.562 1
1.181 2.794 1
2.337 1.127 1
2.276 0.884 1
2.147 0.559 1
2.025 2.492 1
1.427 2.658 1
0.395 2.578 1
-1.670 0.129 2
-0.924 1.017 2
-1.421 1.403 2
-0.009 3.148 2
-1.286 1.892 2
-0.034 2.136 2
-0.584 2.771 2
-1.046 2.503 2
-1.401 1.803 2
-1.848 2.680 2
-1.450 2.513 2
-2.340 1.210 2
-0.021 1.855 2
-0.883 1.024 2
-2.362 2.732 2
-1.013 0.161 2
1.285 1.348 2
-0.674 0.267 2
-1.062 2.436 2
-0.821 1.707 2
-1.921 3.211 2
-1.986 2.543 2
-2.551 2.256 2
-0.715 0.646 2
-1.687 2.621 2
-0.929 2.924 2
-1.833 3.329 2
-0.327 2.003 2
-1.183 1.744 2
0.859 0.479 2
-0.254 3.196 2
-1.216 1.796 2
-0.072 1.951 2
-1.679 2.859 2
-0.014 2.748 2
-0.282 0.280 2
-1.821 3.762 2
-0.420 3.716 2
-0.336 1.673 2
-3.416 3.274 2
-3.081 1.219 2
-1.858 -0.515 2
-0.086 3.096 2
-1.561 2.002 2
-1.961 2.196 2
-0.318 4.121 2
-0.160 2.352 2
1.073 1.103 2
-1.217 2.343 2
-1.306 1.174 2
-1.657 1.698 2
1.284 4.072 2
1.280 1.953 2
-1.117 2.763 2
-0.453 3.142 2
-1.782 2.484 2
0.402 1.472 2
-1.137 2.888 2
-3.003 0.455 2
-1.421 1.904 2
-1.923 2.792 2
-0.715 2.077 2
-2.355 2.317 2
0.618 0.875 2
-0.280 2.439 2
2.335 1.964 2
-1.152 0.635 2
-1.740 1.529 2
-1.623 1.723 2
-2.267 1.778 2
-1.257 1.765 2
-1.303 0.292 2
0.057 2.671 2
-0.842 2.638 2
-1.136 3.016 2
-0.389 2.011 2
-1.121 2.369 2
0.466 1.880 2
-0.649 3.724 2
-1.240 2.287 2
-1.816 1.696 2
-0.450 1.585 2
0.830 2.222 2
-0.111 0.904 2
-1.182 1.857 2
-0.778 1.152 2
-0.911 2.144 2
-0.423 1.232 2
-3.109 3.720 2
-1.732 0.949 2
-1.492 2.732 2
-0.308 0.890 2
-2.199 2.460 2
-2.120 1.494 2
-2.075 3.670 2
0.022 2.983 2
-1.261 2.017 2
-3.307 1.979 2
0.213 2.567 2
-1.855 2.394 2
0.414 2.348 2
0.285 1.502 2
-1.651 1.749 2
-1.785 1.419 2
-0.604 2.686 2
-1.094 1.568 2
-0.042 2.183 2
-0.990 2.250 2
-1.063 0.266 2
-1.914 1.834 2
-1.344 1.955 2
-1.706 0.956 2
-1.799 3.326 2
-1.185 2.289 2
-1.254 2.428 2
-0.248 2.585 2
-1.899 1.786 2
-0.262 1.685 2
-2.888 2.612 2
-2.880 0.892 2
-1.744 3.078 2
0.061 1.854 2
-0.498 0.929 2
-1.717 3.152 2
-1.878 2.445 2
1.076 2.182 2
-1.394 -0.933 2
-2.830 1.118 2
-0.904 2.537 2
-1.621 1.161 2
-1.152 1.721 2
-2.634 2.748 2
0.324 1.823 2
-1.433 2.593 2
-1.761 2.498 2
-0.925 3.709 2
-1.432 1.487 2
0.481 1.818 2
-2.136 2.318 2
1.193 0.872 2
-1.897 2.031 2
-1.771 1.681 2
0.353 2.907 2
-0.315 0.660 2
-1.649 2.453 2
-1.058 0.852 2
-0.672 2.430 2
-1.805 3.089 2
-1.343 2.659 2
0.196 3.649 2
-0.008 2.166 2
-1.878 1.055 2
-1.171 0.828 2
-0.043 2.216 2
-2.918 1.910 2
-1.413 2.129 2
-2.230 3.576 2
-1.308 1.946 2
-0.805 1.278 2
-0.576 1.952 2
-0.317 1.232 2
-1.127 1.655 2
-0.865 2.431 2
-0.382 3.352 2
-1.696 1.584 2
-1.987 2.789 2
-1.226 1.066 2
-2.394 1.202 2
0.002 3.247 2
-0.757 4.686 2
-0.976 1.254 2
0.492 2.971 2
-1.014 3.863 2
-2.319 3.674 2
-2.266 1.533 2
-1.031 2.680 2
-1.795 1.587 2
-0.978 1.161 2
-2.126 2.544 2
-0.021 1.438 2
-1.994 2.432 2
-1.784 2.152 2
-0.828 2.529 2
0.003 2.734 2
-1.438 0.939 2
-0.653 2.250 2
-1.987 1.923 2
-1.278 2.264 2
0.394 0.509 2
0.589 3.555 2
-1.396 1.115 2
-0.674 0.462 2
-0.115 2.056 2
-0.165 2.469 2
-1.288 1.827 2
-0.766 3.320 2
1.951 2.000 2
-1.237 2.000 2
-1.791 0.770 2
1.230 2.476 2
